1 1052
2 1052
3 1052
4 1052
5 1052
6 1052
7 1052
8 1052
9 1052
10 1052
11 1052
12 1052
13 1052
14 1052
15 1052
16 1052
17 1052
18 1052
19 1052
20 1052
21 1052
22 1052
23 1052
24 1052
25 1052
26 1052
27 1052
28 1052
29 1052
30 1052
31 1052
32 1052
33 1052
34 1052
35 1052
36 1052
37 1052
38 1052
39 1052
40 1052
41 1052
42 1052
43 1052
44 1052
45 1052
46 1052
47 1052
48 1052
49 1052
50 1052
51 1052
52 1052
53 1052
54 1052
55 1052
56 1052
57 1052
58 1052
59 1052
60 1052
61 1052
62 1052
63 1052
64 1052
65 1052
66 1052
67 1052
68 1052
69 1052
70 1052
71 1052
72 1052
73 1052
74 1052
75 1052
76 1052
77 1052
